[[50.804, 18.045, -33.355], [49.371, 17.685, -33.37], [49.043, 16.389, -34.129], [47.957, 15.874, -33.958], [48.507, 18.871, -33.841], [48.658, 20.057, -32.873], [47.146, 20.987, -32.571], [47.196, 22.211, -33.893]] 60.03
1947 253
<class 'list'> <class 'dict'>
[[  0.           0.           0.        ]
 [  0.           0.           0.        ]
 [  0.           0.           0.        ]
 ...
 [ 37.30400085  22.09499931 -28.07299995]
 [  0.           0.           0.        ]
 [ 36.15000153  21.97200012 -28.49399948]]
(253, 3) (253, 3)
14.37483727782106
